3322461580
867841148
992252428
4241160145
96433542
2731369668
3214231723
1343752340
2207310121
3907538891
3331891521
314386364
2314824793
2006527224
2624019135
255389298
2887862130
2814201442
298142690
92646004
3253698565
3390372480
1251809437
2782919030
960902712
970641505
665713555
1224692887
2379493712
1875869748
2032055031
1643107101
504793494
2865656883
3070411938
3240808404
2440040371
1838564419
2805971632
2021316867
4048666415
1643624409
1551582105
1015762734
1013921804
1786306681
491800280
2238297259
3009125930
2695518611
3481902441
1404668740
1502348305
1545151170
54872752
3140037441
258526038
3138326509
126671465
3718995142
3719827385
3367407539
3332582880
3848430807
167073327
3112855295
1742477446
2965023318
2920148303
4093145125
1801451466
4040436686
3032594777
1192017886
2372765180
219295515
687689094
3790927740
4120589454
1129097186
530430158
3833574696
1397627187
3045219243
2499196564
1617022806
855001987
1656373334
331786320
3730553833
611308987
2103349373
2755193585
2174450844
547732689
3481092719
2190823631
1122098490
3035349438
2487597860
3408200207
2219595804
29773902
1268742776
2571873698
4009143613
1346608484
68781626
2851889831
2028656037
1609906147
3818944279
2529185138
2092672209
98335047
3822182000
55669443
484950697
2130690001
1520346367
1798523553
832765317
887185228
1823746718
3302868569
195929798
1108283537
1951169583
2663907428
3058952287
2257681207
2004679310
2890857442
1041457629
2047579322
414116144
4175483959
543212132
254865393
4061611562
3775096650
2724150486
1293798933
3754571848
3349414247
1004524894
3443110732
3707001324
3266533925
2298088645
2189981147
2463911987
4131466212
2200572172
660717213
4178903216
3355292225
983069587
1529400
3885715344
1165695324
3399536901
3358225905
2668525712
3049249083
2632385008
3375216380
1626369058
188994248
596381253
3298921436
3504615027
3620235934
2862510050
3984286640
714084352
3104421300
2377053505
2562607336
1259750733
2382930515
692779365
3694923785
1590109337
1459957238
2537313945
377137621
736726843
794741867
2980022975
3203345362
3892174121
929356462
3581952482
314290897
1689807525
4115649283
2049870404
1913595339
1638885022
148432480
361640629
3650784580
771521423
2089521074
4206368615
4034652457
2459725951
1737116543
2664549979
1541375502
653335797
1402543288
348789413
1348154993
2869907970
2688315004
1299699229
233697964
3992258427
2479541697
2644075145
2328968794
236480071
653859408
3383337295
3338568334
1979887951
1488100073
4117623801
135192903
1070154630
474510173
642548821
541449947
3121286540
3454642706
877613450
644805435
3555596555
1090881872
73855150
2890234654
2619392937
1558154595
2525552690
825057152
1033738212
2707738398
1982334157
3557131716
31307440
966749078
1163670859
4135754924
2416930640
356666118
332835308
2632035827
726652658
1688201847
795861657
2083657006
3054423234
1187873731
2281920929
4059672925
2161095847
413350387
1066815526
2195327860
1986485574
882741215
1019663765
4148430230
619289063
255472593
3073912466
666591093
1307834420
2465381757
929850541
1860289998
773806143
219742060
1029547815
589050952
499110890
549824814
688746601
1170228378
743501196
2656514033
817171136
1469793090
3319498732
742486720
2316051025
3512063257
2299785197
2452378838
951378372
2761729093
384952877
2253038758
44120172
2103830528
3475410418
4261627187
4207036664
4239929460
779861245
849672328
932623219
2375793138
4100295280
3305049583
1782488328
2525269796
3185019057
2783505207
2163976165
1419267507
742329141
908436898
2050692012
2017722897
3364296146
887292831
2632676683
3711170082
491615354
2313598534
1286504747
2203881220
2188694157
4121379981
2069484252
219770986
3032359344
2899763987
1655879499
375003962
1056579457
3686844227
2604950985
1111185
1648194937
1115044048
1293601706
2655838284
2551301702
1266021542
2929555275
21382483
384882019
2992146925
107776176
62353300
311257656
567600537
2335733723
3101670609
377266568
1865235279
954576651
4039606848
3570144835
1473881750
1051459506
836790670
3315354401
4028911512
1894696858
1603007400
1858050213
394549355
3516590502
2116883366
406081313
1902672535
547402358
653975222
3423223056
1503105566
3686689493
1586485880
3196161913
3692383896
1509666564
2090662609
980988003
1797865926
3591714028
3687221390
3721838957
3207018619
377466848
2552581879
2847560317
3881681582
1932307260
3745315841
1443472565
3266938632
3814909856
4116663608
3096508468
581280223
1686365270
135192903
1728182647
3632544503
1510157509
430679800
4102210010
1792648248
3318956549
1406786284
769946618
1720248931
49584829
3739608301
1405245549
1866998215
2526721765
1654951952
32315783
1253951866
1625559461
1863317581
4207071216
3131706259
4278791359
1860041748
4144826556
543851911
974793113
1327647456
2051123917
1288056153
1717903061
2937353931
226053058
281487740
2644075145
2954690169
3416733789
430964781
2493030559
958557321
806785767
562561068
1840837074
2052004819
3579062946
1149196023
1717472067
1913131258
3948802734
1145074868
4205040129
3236401706
394693500
221370047
1564314809
3042621592
1786038824
3112139723
4197173095
1951631501
4258474835
3567996204
1763858974
2467008076
4191026063
3003154696
3944602231
1425255740
251879739
3863595272
3948459722
1114079039
2220844231
1034295112
3312915321
566565898
1247142967
3515089111
2605913665
4034652457
627518290
838945980
356666118
1448611731
2523743316
848558417
1659758327
773707858
4059672925
312758718
3885918648
2339080323
2145852673
968764989
2217827270
1359594752
151632959
1541375502
1244004464
3042447043
2482082398
1044818207
2103830528
4280061341
3153242626
1782488328
2680143302
2632676683
1519526184
222764720
1508135056
2069484252
1524830879
1558923908
2859660156
372352811
3715540644
689152717
377266568
1943456699
1858050213
872487722
377167791
874329625
4269470294
743748241
77281395
1002775779
356105769
2246704214
1730880171
4111285470
2559727478
871094141
200832370
3687221390
1562697521
222991528
4081822254
2992034717
4257647552
2575188072
3007699553
1755591515
3335447041
4116663608
2808919984
3922606015
2558098658
481177698
854983974
854983974
233919434
4104625980
4086540171
1838764608
1838764608
3024611281
3024611281
4161864683
2784198707
2784198707
638454471
461447334
461447334
728336667
728336667
1709280970
2411717406
4135409191
1502471470
203228500
203228500
4277458606
4277458606
4090691105
4258029599
1258878099
1258878099
2929733795
462508452
3344418669
2163419620
2163419620
961808681
942990470
2319694284
215851558
529755205
529755205
3894165798
3894165798
2375615560
763662718
2515114313
453409773
453409773
2416600067
3128428807
3667248855
381814632
381814632
418840275
418840275
2733228176
2733228176
2488661454
932218384
932218384
1420344979
3660116460
3214520816
2095642030
1265441055
1265441055
1723106164
2796256240
704212149
1298371505
3822429825
674087818
674087818
1381003571
1381003571
1957451686
2571006387
468303549
4196186739
3754680051
3754680051
1992964090
3498133806
1088133432
1088133432
1988252353
1988252353
1399787166
329673078
1825149284
1825149284
208098424
208098424
273820129
4260798564
3331939067
3756151230
3016165921
2184511838
2184511838
573006374
2241990515
78938207
4194272888
4242404015
2351766639
4149549311
4149549311
1167319228
2699184080
3320986299
3105703763
1673967669
1654359351
167060205
377310810
255048108
255048108
243775325
2382837854
2664866745
743827756
1206287143
1206287143
1160281706
1301603575
1394115791
198117206
3304015637
1913345664
1913345664
2938850594
1241684757
854109934
2393859525
1916353893
1916353893
1431880085
254239210
254239210
2780168186
2780168186
171356355
171356355
1496321728
3949869664
3954541484
113522450
620093083
515047126
3477974746
3382100881
3382100881
4013190970
4013190970
2223200363
1938723817
2824099853
1807341876
1807341876
3935296591
3927930167
3187346218
1065450499
1033454654
1033454654
3428017434
1110782561
3383224809
3383224809
458027422
458027422
882586503
3678804885
1799456987
1245487267
162423147
2326417026
4259305704
1454180254
1454180254
4264970712
4264970712
4186671451
3064408597
3257164903
3257164903
1031876480
1031876480
307368422
2812819964
2361117776
2361117776
2279714315
2279714315
247314302
2415423421
2415423421
2113115327
3634512755
992465586
992465586
1411782247
736306419
736306419
2587760221
2853101939
2853101939
2271289482
2271289482
2786374293
2194986457
2194986457
1925636500
1925636500
3213007012
797756252
3815565137
3815565137
1645896582
3531195154
3531195154
2420859417
1689030723
1689030723
3782537063
3782537063
3267246059
2005242594
2005242594
1138540947
2768398790
56844058
2414162394
217862937
1724169331
1724169331
48544891
3294378950
3294378950
2522794750
1211321052
2431979356
1006717702
233523719
233523719
1329139445
4236832086
2383393026
2069898474
585494207
2016685904
1513348289
3394103476
3394103476
3456839638
3761456907
4246107979
3287726434
584673335
3134513475
3227753051
3227753051
1914051196
4150974974
3774793772
1385984174
3424046259
4169080880
3325094014
2802775625
3823160347
2814854828
3220452905
4057944871
2180122998
945581704
1310618722
1117437820
3118299129
2933181997
933867857
1777850215
4016848589
3655193688
472414134
3220442041
3494836864
1488115290
947996159
4116321442
3550968676
1723800034
1021884568
333068100
37371932
2335778860
1458646886
2316508399
2364252295
4012062177
3333298158
3751453411
71194032
2815804822
354628780
1434606014
1361525027
2005908639
3475126153
2660549505
3456183627
1212732745
4112813503
1797740738
2539327446
1679742954
1033034804
3708151006
3342367843
1465416834
1465416834
1660279062
235141291
2236188974
2899677748
947470078
947470078
1652667297
3587807084
3587807084
3603282175
2915351511
2966218367
3944657326
3944657326
3868620364
3868620364
659266414
589825681
589825681
4185042336
295409064
1928141493
2602550155
2400955524
3197976670
3778056282
984214672
1430573187
1430573187
3470813247
4073605445
4073605445
403444311
403444311
520170727
1114981693
20743167
1388851036
1388851036
2919421702
360259462
360259462
3514641360
419593250
2674572913
1327294149
1671427638
864965065
1837145666
1837145666
2083368374
1274002649
1692530391
3416585072
3575324280
1609572015
903959446
903959446
4180097755
561620854
561620854
1109627633
1109627633
1692659846
1867037825
1576642067
1576642067
2510384147
1656538920
449258405
951211431
1712062646
2780945232
2780945232
2799932052
2147503100
2147503100
3382826243
4127322376
3898933998
3258857668
3258857668
215607054
1335285385
2123694181
3350429011
3350429011
3418591245
2483765678
2483765678
3850768672
55304014
55304014
1008221614
3896328071
1890024819
1890024819
1781900760
1781900760
2718770158
743034652
743034652
2709675009
1670957629
1310296679
1310296679
1680000661
2884309006
1835085202
765441807
765441807
1493021437
3714371971
2695478852
3346591352
3346591352
2584380756
3427668051
4277012690
2515379400
2515379400
1780996135
2365085166
734619763
302476376
2785514552
2785514552
1972069967
2772564259
1813023181
1813023181
230438999
230438999
1627963649
4100760095
4249402377
2500155331
3242780237
1715525646
1732514640
1330250613
1330250613
1196730980
2617561201
2617561201
3791069431
3791069431
4045015569
4045015569
1906830665
2399372694
2399372694
3792081178
518295182
2682613050
1631803026
192511661
2653972954
3546875398
716873046
716873046
1839083226
2895070722
2895070722
2592350787
2592350787
1232454141
1454710697
1454710697
456054703
1814715418
124934598
1614518892
1586208342
3623335752
3623335752
3199956615
3199956615
3983809273
4173822128
692078320
2468868349
2367755648
2367755648
90818814
479970880
2260392213
1945833219
714857264
3031273662
3031273662
1701863804
1701863804
3162760505
1611050265
1611050265
1120856837
1120856837
608697354
3199868056
736567003
3627254282
1953830327
3967311788
4031976673
3035200816
1947939522
2466299638
952773361
2194851409
2194851409
299771601
438677638
438677638
2246428412
4011466655
1048904928
1048904928
1458123718
2275919097
2275919097
1404060779
121618556
121618556
2226825889
2226825889
1345709978
1345709978
725233623
725233623
1408841672
1408841672
1398001962
3316638165
168224815
2247443380
1986309470
1986309470
432122852
432122852
1842787055
294324886
2836929183
3997958481
4119045422
3887849661
3689708806
3689708806
1392803576
248463306
248463306
2434598120
3693022344
3445938734
3445938734
3950646659
3950646659
2111126150
372216430
372216430
972537794
972537794
1957044907
1303136416
3202607210
3590236337
3012205218
3012205218
2188738872
2394294954
2394294954
1341477796
3068006261
4198504661
958661720
3842378488
3842378488
2483239533
3699440121
3699440121
2066537636
2911137144
1955211542
627185762
627185762
1495652961
175690748
633780704
3786534707
111179533
4028718509
4028718509
3856974408
950979454
950979454
2289970702
38059977
1425125003
1425125003
2461625101
3477251577
3477251577
2149798487
3448356537
3448356537
2232597966
641393555
3284548863
2293728287
2293728287
3907776251
3907776251
1543528610
3724164752
3724164752
1441527497
189343160
2438814232
386620167
3510979889
3510979889
2003432046
2003432046
3213409402
4214526439
775139494
775139494
1456640820
1456640820
682981457
451479653
2637317270
1663478889
2145553438
1363062895
2672202836
1795583249
1000250272
769053279
769053279
1669234497
2493465652
2493465652
2561842347
2561842347
1620480164
3650299342
3420327249
3576749008
1132740833
1132740833
2873646843
2873646843
4009009096
4190970291
4190970291
2496979478
2496979478
3885227798
359865224
3982118957
3229919372
3476377973
3701015292
3701015292
1927911711
1927911711
1599931901
1599931901
476382047
2221372345
2807139230
2807139230
2520708092
2196104060
3107586329
3107586329
2223152178
2223152178
2222950551
2222950551
996097475
996097475
3449294009
3134282698
4229795267
3148411364
1962689129
469572781
469572781
2782495205
3153660493
4077205472
3073076155
631477610
1207338588
1207338588
2455709858
2455709858
1296897696
3484022333
1877412987
1877412987
70636370
2914466892
2914466892
851312657
1088381505
3052656795
1741080899
1741080899
3188003789
2599300495
2599300495
2331640901
2346927520
2346927520
1680557887
2883527332
2883527332
256369174
2812600919
3537928640
3028482523
211969861
3741332395
3741332395
3930478455
3927160583
3140690782
2091802559
1386412354
3649231757
2156607866
2156607866
2658383178
3733479737
1431746710
1431746710
2537862926
2537862926
52203340
34533865
3153439980
3153439980
137502208
137502208
775095537
921321175
921321175
3104825151
3104825151
709109018
709109018
2328692594
3478127127
3314199804
3103534773
688992805
688992805
1260494266
1260494266
2561121467
2561121467
2244006986
2705624763
2705624763
2122151564
3295089066
4239489528
1994313259
3880003722
3045904256
2153240524
2153240524
2636115550
2636115550
1664471734
925001064
2006449087
2006449087
2440683
2440683
1483100833
1483100833
1687843436
1687843436
2982384742
3656966807
3656966807
3943668037
3943668037
2042438486
1733994750
462157485
3809929145
3695790649
3843970138
802281336
4242091923
2875318335
2284235473
2778573815
2050953839
2050953839
820360733
820360733
3357421049
3160648077
2049254755
1928291756
1928291756
465885459
465885459
1854056416
3489954593
3242385682
1848553457
1436727991
2833507382
2833507382
2036284096
2036284096
1567445260
2866841029
1718558871
3459318423
3150293432
3150293432
590861527
1076134144
908190887
2706947687
2706947687
3978868689
731296561
137985842
1549336476
4029478019
526677610
1827353042
1827353042
3528373384
3528373384
1836386097
1836386097
1452795146
3048103001
3048103001
1594599322
2560737298
1683390695
107067475
3612908712
140136491
140136491
627123073
1695647797
3406435398
1995337341
2540667843
194456501
194456501
3734152041
3488350017
2458565359
2197127210
2818481556
2818481556
3849174373
3849174373
2106340775
2796027816
2796027816
2743697541
460925725
460925725
323990964
609586740
518149271
409904013
1903929889
1470307643
1470307643
3635187927
953096846
3922806908
3343334269
3343334269
2911745427
214068870
83504055
280054618
3258293338
3258293338
413994939
1943649454
2952283890
3451879127
517940955
2586385588
2586385588
157306575
157306575
1304787957
1304787957
3329955110
559801054
96087352
1582449387
472036850
472036850
832398723
2044841963
2811652426
2942255580
3262360512
2427117279
1290888795
3610776595
2352192394
904450597
1904414261
3731857019
816388909
2331048834
2331048834
2322105015
3268957479
504281078
2262404058
2802423400
1055522453
1055522453
2466580032
3769655916
3769655916
813744094
813744094
1294515973
1294515973
1743606087
3182468682
3474011719
2640437641
3793999859
3793999859
537156202
1963333982
1851077881
1242572480
3011340211
721262553
3748925060
3380422649
227149549
227149549
1943159283
55170818
1142877609
3220126422
828809312
3917113737
4241253681
4241253681
2660469516
2432275051
4150908172
4150908172
322865279
67587317
67587317
1036399236
1036399236
699019640
2814422153
3380900090
2838204424
581582170
1469855771
1469855771
3712581886
1960012506
3551694843
3551694843
1819575605
1819575605
2322765786
1746405203
1076864857
2311816334
3810117567
3810117567
1073937320
1073937320
105597060
4231634589
2904319008
2904319008
354088295
354088295
759915149
3268745446
3216228298
2567248148
1234236315
1234236315
2776628726
2776628726
585015733
905218764
905218764
2242506474
3931627517
3437201944
2716142299
1148769387
1148769387
2961847950
2961847950
3349007683
3491051456
3455402492
1574171721
2670892093
85101724
85101724
965933969
3917560238
123468801
2543768530
2390969157
1656519465
4153041805
836101222
836101222
706670551
4289194881
1341227634
1341227634
3228192672
2804952150
1193619467
2286615823
1880920132
1880920132
3474654006
3474654006
2481911299
3920273037
1280440445
1286010185
1844033322
3091437398
2855497583
2855497583
1531327890
881100419
416642004
2029084923
2029084923
333547825
333547825
3979283880
3415506327
3415506327
2447781619
535543192
535543192
281303448
281303448
2763437332
3184075348
2566898795
1133077664
1351731239
1351731239
1994322724
1994322724
4283066334
2581773242
2542209950
2542209950
1326642358
2756106071
1779769272
1604053380
1604053380
2073051139
1686698261
660578096
1163139115
427143378
427143378
2748708933
2748708933
2211466237
1869931691
1462958616
1041813679
1041813679
975713174
2797222398
3376089899
1282297369
1282297369
3818374197
3818374197
3758015947
3758015947
2622551082
2558248770
2558248770
3218272815
3458665073
1384414409
1039921769
3473707483
3473707483
1799826760
3175468968
3407770765
89391153
1919436656
337850379
337850379
1819236797
1819236797
1346209131
1808266712
1979907528
845885424
788171371
788171371
3200972627
1492903828
600965831
600965831
632562010
632562010
1797443335
650287776
3671720164
3671720164
3542531083
3542531083
270838598
3739536710
628939789
215726934
985012069
4231807181
4231807181
69603081
2372672395
1664671811
3659000579
2913628180
3762886242
1172646940
1172646940
4226459651
1993657861
3190291714
3398797663
883749279
2206227883
3939518194
1182811854
3059180928
3059180928
1856319465
550277467
2284793283
3683813874
751338558
751338558
3190745986
3529281661
3081641109
2917819853
4186585658
2495535200
2495535200
1656289560
981344366
3196365681
4030797607
3241167877
3241167877
2337353117
4210693270
4210693270
3994912084
3994912084
1818147963
1818147963
1795847443
655309116
3191381466
740314870
1049235700
2410143086
3112705397
2929882378
2929882378
720463447
720463447
2963050702
3862741921
3401449105
671104129
671104129
1563319066
1951572885
3897812544
264211869
3427242619
3427242619
1242381216
1976647057
115346963
115346963
3326456623
3326456623
2822688960
1678707744
827204800
2017723401
382778427
43086044
670283027
1186133805
1186133805
1631446092
1631446092
787312181
2661791218
2357073817
2357073817
1226853971
1226853971
21439912
1986337901
1371293789
1371293789
2555490659
2555490659
102907018
1850376363
1850376363
2422660412
2506405872
2747967598
2747967598
1239750394
4212020669
4212020669
277554325
134628015
134628015
2931849350
2931849350
925598358
3060628299
3060628299
1754863364
1754863364
1564119521
1365590771
1505867840
1505867840
226315158
418322885
418322885
1112056972
3965887163
3965887163
1893256804
1893256804
2897738317
775307012
775307012
2787087816
4213844612
3055468369
255036801
2909518463
3736028526
3736028526
13041261
1677375767
1677375767
1177849829
463358770
679481245
3668907019
824993474
824993474
4087521665
1830277892
1414396704
482170246
346469383
4042872223
2074375048
2811929353
2811929353
263842553
3338307589
1310098827
3780345412
2509008449
1219919650
2982976431
2982976431
365747059
1698573183
894133303
211945102
2034985204
2496286637
3072339060
342658874
3564245264
3547241493
1762292666
2310128590
1059702717
183257079
3647141036
722771997
1397458656
2518755776
3089273953
2667571052
2715658840
1017944685
404354426
2360763711
852369876
648272311
1253527421
2264861560
3789868651
2745776834
3360571689
1700112597
1106088370
272179178
1858418352
2315536500
3119778855
509518889
3127670557
516864083
597110517
4258057876
484700577
603578548
1358219878
2240854317
1372407963
93581500
1025221811
3483183017
1867666168
4014412124
1379475756
1473962191
79421446
4130903190
761031220
1112857660
1112857660
2396920014
1380159532
3983099471
2569798855
1902504765
1902504765
2339176070
696219889
696219889
1156783535
2312033164
1577931168
4028668093
4028668093
2729373098
2729373098
2323820032
516963610
516963610
2430064451
2875086035
2537001990
3907385194
634111516
2782544557
1581532905
4249409043
3873268441
3873268441
3729777285
1027919840
1027919840
1558044170
1558044170
1883260600
2712309275
607898532
860566738
860566738
1421539702
3104342679
3104342679
3587938192
953115152
489096128
2288970051
3389829059
1880676617
3768441547
3768441547
526402048
2477624335
570487903
2303867154
2822859399
4179802648
3396909352
3396909352
508365627
2458688668
2458688668
339587865
339587865
1281282798
3833750629
3351626614
3351626614
2565924885
254997017
3786793667
889929042
3697612598
15679136
15679136
4262766593
2753983825
2753983825
477403648
3904532187
3725070097
2369988698
2369988698
2612617925
3108730538
2282009266
3890647149
3890647149
271074640
4249932287
4249932287
416894232
3940777595
3940777595
3564973001
2207251629
279887684
279887684
1049079167
1049079167
2025319748
2262749124
2262749124
2406649720
794286267
1207053004
1207053004
4022826686
3630170677
1189442315
1226147703
1226147703
71144988
2095188500
3247604409
1493133232
1493133232
3415745826
969981159
2021010636
2222712595
2222712595
1724364357
2530496573
3674754369
1490824773
1649963255
1649963255
3422005795
668496932
3043877830
3043877830
2304938227
2304938227
4234993590
1574419723
1610635351
1319674407
1804812537
2525247522
1564239468
3443916866
3443916866
1182736099
2449123307
2449123307
1891463785
1891463785
2602412065
2602412065
364181368
513002256
513002256
3952332163
2574266563
2263996788
2795305070
535626009
4134195248
1423043249
2148369866
2148369866
3132551435
3549658991
3549658991
527423511
527423511
4088302219
2853063502
2853063502
3470367147
3412078368
3482311329
3788007892
4153307145
2944968383
2944968383
912645448
912645448
660380753
2353870616
1841633425
931122984
355707684
355707684
912755002
3298768792
1698655711
4254974829
925710254
3492776365
3492776365
906353626
906353626
2998921707
1111958543
1111958543
1109477881
1109477881
2663105915
4235132059
1839594608
3306842407
2302988274
1215421247
24611749
2796104808
463479014
3309985444
1283012815
880735553
880735553
3820729822
3787804136
3787804136
4090505149
2510564455
2993448735
2993448735
862376394
2167351579
2167351579
3998612233
2526916918
2526916918
1038608051
1038608051
2031605461
2031605461
1702953191
1702953191
1330359807
1330359807
3683038136
2579304210
6952520
3969253470
3478410378
3478410378
1233420093
1233420093
1020970010
2237527065
3761102804
2656085550
799493202
2072307710
1500639182
1500639182
2495865606
2099359026
2099359026
2837271044
2316010323
3449438318
3449438318
4144282096
4144282096
1158264474
1136012236
1136012236
607411181
607411181
1303852801
3952778048
346370562
688268857
3876562336
3876562336
1281180531
3620369968
3620369968
4196524431
761325744
241351603
4110920540
3134257469
3134257469
3828279517
490135864
490135864
1349474128
2543884469
1232869449
1147786860
1147786860
2351631337
2097907605
2323786572
3980259558
160193614
2878135353
2878135353
1183866117
389598528
389598528
1201040808
2169892402
1312865262
1312865262
3444089945
3238986661
3238986661
3428106554
3782516086
3782516086
2714701084
1629819328
4231552801
3803529142
3803529142
1139499986
1139499986
1710327274
1986742342
1986742342
2115245578
3378511152
712311340
2619167986
584250263
584250263
913060077
913060077
1067536065
301490087
3148261520
3148261520
158955458
158955458
1461093273
2954296751
10698566
3815191260
3304378042
2013615949
1695146384
1384152440
2276616593
3930027997
3930027997
363294702
1211321026
1211321026
3753327960
3753327960
4060769754
499362333
4263354087
1130918155
1748338225
1748338225
1463775337
1463775337
4292774155
3388794665
3388794665
2735934618
2735934618
2263566755
3769942032
329210759
3177001427
1747070419
2276045813
2276045813
4290185120
4290185120
2395179801
2395179801
3598503931
2499619779
4066249898
4066249898
1912623194
3927897067
1611848220
1611848220
290838747
290838747
3524497007
3524497007
4055970623
4055970623
628786594
3893028349
836231909
4109307577
2578005498
3378981990
3378981990
1225962214
3656268037
3915527934
1905718307
1132630151
939208
939208
599376297
599376297
1582759101
4089099586
2998787836
2998787836
1411840610
1606390624
1606390624
3833700281
3098980662
2326889902
158271694
158271694
494867471
3954849109
3954849109
2234659727
636348027
636348027
1562570114
1255496062
1255496062
166471247
4245263206
822616403
2596242095
383306560
913711336
913711336
478729721
1122521188
3193740758
2773645822
3525286217
3441057784
2324048794
2324048794
3136110949
3878082536
1143096917
1143096917
2590981364
2590981364
1433404022
2714272016
2562516610
2562516610
1788364236
1788364236
1272033754
34003561
34003561
3418891680
3418891680
1094047436
1094047436
286456258
3391517579
2353809904
4094055204
2010642436
2010642436
1454071297
1454071297
2292481114
2292481114
1415390402
3490797585
3490797585
2020792881
1177577906
1299299906
1268685091
1822966403
3939018175
2698326063
2698326063
377023087
377023087
4045109886
1651804071
3251323885
3251323885
3102767635
3102767635
3004905639
3004905639
1059641897
1059641897
3181207840
3427122655
3427122655
1838717346
1838717346
134389029
2991697793
3279885316
2223092
2986190255
2774361327
1514812011
3217130818
1216140435
884118033
4129909799
3724284496
3724284496
7033235
7033235
1178534163
775939720
2230264308
3649145888
3649145888
2794624442
2794624442
3213371791
1320877663
2588272252
2197226944
878045486
803014479
803014479
3624632565
3624632565
1411203945
1071937081
1021894130
4231769936
2358370133
2358370133
2853483924
2548879896
1058941675
1599169428
1599169428
1036317656
2987234739
983378289
2981926051
1604817693
3417707715
1681640413
1681640413
993256433
993256433
1286702937
1286702937
729751684
1635391583
1635391583
4120516945
1725558264
1691663690
3627619527
2513780501
4256898971
4256898971
2076101773
3861542709
1003576602
3544137588
2059054212
637814445
637814445
1753971830
1172659070
2564496496
37833531
2938238571
2938238571
1173938427
1173938427
1072224408
1403566751
1403566751
3125170227
3950665857
3950665857
2298743558
1472602666
670576235
801098225
1711673240
2864189739
2864189739
2421402950
4127890232
2601495270
997802505
997802505
2899903110
694779653
75204012
259277254
117348852
117348852
244964966
1256687056
838845700
2559987479
2079142640
126148774
126148774
675142491
675142491
1468767680
1468767680
1225554793
69410065
2201899028
2856809202
3993474371
3993474371
2766213505
41845325
3708113811
351740916
3214682545
2639011402
1274008028
444016233
3298174887
1073501474
3649868979
878204582
2468519728
357231997
357231997
349049807
3257263433
1612587891
2562129615
498819818
4242776572
4242776572
295509960
3260783579
3260783579
3458626545
3458626545
983884039
983884039
2306833844
3637953495
3284014825
1016155164
2915786236
2915786236
2617364794
2774474937
304716020
994516268
2242250942
3366791392
2034678021
92479537
1768597327
1768597327
3387983683
4286996578
1722628211
2141882869
915709233
2203383289
1778916634
1778916634
1847041222
3020434478
1911253902
1911253902
4061715808
3687611708
3687611708
1664889347
1664889347
177846643
4017575300
181405541
1755833934
2077664164
3146791907
3146791907
507528817
870144573
1597704455
1597704455
1429599090
1429599090
1869418958
3554322937
2084671960
4017557167
184115221
184115221
1916973024
1916973024
4213512467
2068027713
812308827
812308827
890291214
890291214
3459853490
2986913225
885532847
3785051877
519082217
519082217
145324226
145324226
2687442484
1854080966
1854080966
357694358
451633764
2144845472
1887120383
2642836632
2642836632
2121028954
2121028954
1089511104
1281576144
1651536480
3502115816
571932093
2725782431
2725782431
1672994545
138945226
3999400427
4003124247
1666182982
2979463258
1775256137
3281523870
3281523870
2355665643
1267436368
2342185980
2342185980
279967324
1474138321
798806461
1112472523
2441466398
2441466398
942062703
942062703
2628188706
2772577204
4159175191
4159175191
1950878567
258950044
1851941939
1851941939
209773124
209773124
3077582013
3100732104
2911710314
2911710314
829957147
2342377614
1901337789
3261855473
3261855473
3301566255
3301566255
2435722674
2435722674
754942517
754942517
3097519145
2551338548
342279966
342279966
793174112
480837615
480837615
2130361211
308207171
308207171
1859705602
1859705602
1243424705
2644765392
1710144930
1710144930
3560133073
869355313
2343485515
2343485515
1497735789
2613491546
2613491546
317564080
317564080
3082486053
288978885
288978885
2710350766
3403753330
3772802307
2064549654
2064549654
2701824287
2701824287
27394136
27394136
3604936312
3947534542
3947534542
1963305464
3830647833
336548317
624973044
624973044
3192141574
2985654711
2985654711
825617407
825617407
1564982396
2860650742
2462915376
2462915376
2348860061
3491133838
3491133838
3117194864
1091166580
2052087957
679512210
679512210
1977007229
3113705935
2172946560
2172946560
2809472534
870829253
2985576760
2212540393
2212540393
1186421780
1186421780
2628059005
2559850468
2559850468
3805793258
1190594615
2044620931
3103943577
3103943577
1031819707
2291925771
2291925771
799864773
799864773
2991098619
1808242744
3582440018
1709212642
605284824
605284824
2601137733
3341196475
769433939
2073722298
4293534848
4293534848
265722641
265722641
3365748215
1534446838
1534446838
3972860191
213753473
1928191188
1928191188
659908137
3405629824
156168976
2449407528
3373771525
2716010953
590615054
590615054
1364903614
2187664197
1750984037
1549010292
1549010292
1556192401
263437112
3133807236
2915117258
2915117258
4191074358
940580086
2751540560
2751540560
819634625
2839997237
2265270602
2265882211
2265882211
2409935114
3586227935
1196685426
1196685426
1915035385
1915035385
3991909085
2226283281
1547011965
1547011965
1804037174
2686564428
2192794548
2502401909
2502401909
2045726113
2450637188
2076962631
2076962631
1962034867
4052262996
1081802295
1081802295
79372673
1605196597
1605196597
455455215
2661653120
2654165230
2654165230
3350416295
1719506642
1719506642
2306055200
1553787919
1553787919
1412490083
1863282327
3074096312
992658378
3676543651
3676543651
1784193145
2551230626
593564046
593564046
1283805262
1283805262
254480763
3613229039
3315486324
3315486324
1815010237
138898585
138898585
3952463733
3348255151
2736909204
2736909204
3140079709
406173908
3102960530
3102960530
873857804
919242984
4154014574
4154014574
3568924764
3249317974
1479951852
4099512176
4099512176
3745134527
3685758294
696849090
696849090
1620131207
2372854873
2372854873
1549877852
2107766969
3352529245
669896174
669896174
141598223
3275948676
4147159457
1275804907
1275804907
2549610217
2549610217
4119655416
3947688961
1680412783